20171016-000100 8.180 98.600 3.583 22.310 4.583 1010 2.030 1.015 13.64
20171016-000200 8.220 98.600 3.750 22.380 5.417 1010 2.030 1.015 13.64
20171016-000300 8.220 98.700 2.479 15.190 3.750 1010 2.030 1.015 13.64
20171016-000400 8.220 98.700 2.646 14.650 4.167 1010 2.030 1.015 13.64
20171016-000500 8.150 98.900 2.417 11.720 3.333 1010 2.030 1.015 13.64
20171016-000600 8.220 98.800 2.917 18.330 3.750 1010 2.030 1.015 13.64
20171016-000700 8.180 99.100 3.333 20.410 4.167 1010 2.030 1.015 13.64
20171016-000800 8.180 99.200 3.208 23.190 4.167 1010 2.030 1.015 13.64
20171016-000900 8.180 99.200 3.333 31.650 4.583 1010 2.030 1.015 13.64
20171016-001000 8.150 99.200 2.917 27.560 3.750 1010 2.030 1.015 13.64
20171016-001100 8.250 99.200 2.958 23.050 4.167 1010 2.030 1.015 13.64
20171016-001200 8.150 99.300 3.042 26.350 4.583 1010 2.030 1.015 13.64
20171016-001300 8.180 99.400 2.938 24.500 4.167 1010 2.030 1.015 13.64
20171016-001400 8.150 99.500 3.104 20.130 4.167 1010 2.030 1.015 13.64
20171016-001500 8.150 99.600 2.542 25.270 3.750 1010 2.030 1.015 13.64
20171016-001600 8.180 99.500 3.479 21.980 5.417 1010 2.030 1.015 13.64
20171016-001700 8.080 99.500 3.313 29.910 4.167 1010 2.030 1.015 13.64
20171016-001800 8.180 99.500 3.625 17.850 4.583 1010 2.030 1.015 13.64
20171016-001900 8.220 99.600 3.250 29.750 4.583 1010 2.030 1.100 13.64
20171016-002000 8.080 99.600 3.417 26.190 5.000 1010 2.030 1.015 13.64
20171016-002100 8.080 99.700 3.938 23.840 6.250 1009 2.030 1.015 13.64
20171016-002200 8.150 99.800 3.938 25.850 6.250 1009 2.199 1.015 13.64
20171016-002300 8.080 99.800 3.688 25.090 5.000 1009 2.199 1.015 13.64
20171016-002400 8.080 99.700 3.646 31.040 5.833 1009 2.030 1.015 13.64
20171016-002500 8.050 99.800 3.542 26.380 4.583 1009 2.030 1.015 13.64
20171016-002600 8.110 99.700 3.542 24.650 5.417 1009 2.030 1.015 13.64
20171016-002700 8.050 99.900 3.146 27.320 5.000 1009 2.030 1.015 13.64
20171016-002800 8.010 99.900 3.521 29.890 4.583 1009 2.030 1.015 13.64
20171016-002900 8.080 100.000 3.083 27.550 4.583 1009 2.030 1.100 13.64
20171016-003000 8.010 100.000 3.146 33.160 5.833 1009 2.199 1.015 13.64
20171016-003100 8.110 100.000 2.563 27.080 4.583 1009 2.030 1.015 13.64
20171016-003200 8.080 100.000 3.354 26.700 5.000 1009 2.030 1.015 13.64
20171016-003300 8.080 99.900 4.208 21.560 5.417 1009 2.030 1.015 13.65
20171016-003400 8.050 99.900 4.563 23.900 5.833 1009 2.030 1.015 13.64
20171016-003500 8.080 100.000 3.917 24.850 5.417 1009 2.030 1.015 13.65
20171016-003600 8.080 100.000 3.417 26.570 5.833 1009 2.030 1.015 13.65
20171016-003700 8.010 100.000 4.250 24.000 5.833 1009 2.030 1.015 13.65
20171016-003800 8.050 100.000 3.875 24.490 5.833 1009 2.030 1.015 13.65
20171016-003900 8.080 100.000 4.354 22.030 5.417 1009 2.030 1.015 13.65
20171016-004000 8.080 100.000 3.229 25.580 4.583 1009 2.030 1.015 13.65
20171016-004100 8.050 100.000 3.708 22.740 4.583 1009 2.030 1.015 13.65
20171016-004200 8.080 100.000 3.333 21.130 5.000 1010 2.030 1.015 13.65
20171016-004300 8.010 100.000 3.750 29.830 5.417 1010 2.030 1.100 13.65
20171016-004400 8.010 100.000 4.167 27.890 5.417 1010 2.030 1.015 13.65
20171016-004500 8.010 100.000 4.500 20.010 5.833 1009 2.199 1.015 13.65
20171016-004600 8.050 100.000 4.500 24.860 6.667 1010 2.199 1.015 13.65
20171016-004700 8.010 100.000 3.938 22.750 5.417 1010 2.030 1.015 13.65
20171016-004800 8.010 100.000 4.167 24.210 5.000 1010 2.030 1.015 13.65
20171016-004900 8.080 100.000 4.250 20.740 6.667 1010 2.030 1.015 13.65
20171016-005000 8.010 100.000 4.000 21.150 5.417 1010 2.030 1.015 13.65
20171016-005100 8.050 100.000 3.854 22.300 5.000 1010 2.030 1.015 13.65
20171016-005200 8.050 100.000 3.417 11.330 5.000 1010 2.030 1.015 13.65
20171016-005300 8.010 100.000 3.854 24.770 5.833 1010 2.030 1.015 13.65
20171016-005400 8.010 100.000 3.750 23.020 5.000 1010 2.030 1.015 13.65
20171016-005500 8.050 100.000 3.729 25.040 5.833 1010 2.030 1.015 13.65
20171016-005600 8.010 100.000 3.604 19.040 5.417 1010 2.030 1.015 13.65
20171016-005700 8.010 100.000 3.875 20.730 5.833 1010 2.030 1.015 13.65
20171016-005800 8.050 100.000 4.167 24.600 5.000 1010 2.030 1.015 13.65
20171016-005900 8.010 100.000 3.750 28.220 5.833 1010 2.030 1.015 13.65
20171016-010000 7.944 100.000 3.833 23.340 5.833 1009 2.030 1.015 13.65
20171016-010100 7.911 100.000 3.667 22.590 5.833 1009 2.030 1.015 13.65
20171016-010200 7.944 100.000 3.396 15.610 4.583 1010 2.030 1.015 13.65
20171016-010300 8.010 100.000 2.813 24.050 3.750 1010 2.030 1.015 13.65
20171016-010400 8.010 100.000 3.146 22.250 3.750 1010 2.030 1.015 13.65
20171016-010500 8.050 100.000 3.042 22.180 4.167 1010 2.030 1.015 13.65
20171016-010600 7.944 100.000 3.417 23.830 5.000 1010 2.030 1.015 13.65
20171016-010700 7.944 100.000 3.104 31.250 3.750 1010 2.030 1.015 13.65
20171016-010800 7.944 100.000 3.146 26.280 4.167 1009 2.030 1.015 13.65
20171016-010900 8.010 100.000 4.792 26.260 6.667 1009 2.030 1.015 13.65
20171016-011000 7.911 100.000 3.250 21.170 4.583 1009 2.030 1.015 13.65
20171016-011100 7.944 100.000 3.854 24.590 5.000 1009 2.030 1.015 13.65
20171016-011200 7.944 100.000 3.667 22.550 5.000 1010 2.030 1.015 13.65
20171016-011300 7.843 100.000 3.396 27.140 5.000 1009 2.030 1.015 13.65
20171016-011400 7.944 100.000 3.396 20.540 5.417 1009 2.030 1.015 13.65
20171016-011500 7.944 100.000 4.354 18.930 5.417 1009 2.030 1.015 13.65
20171016-011600 7.944 100.000 3.688 22.660 5.833 1009 2.030 1.015 13.65
20171016-011700 7.911 100.000 3.979 24.090 5.417 1009 2.030 1.015 13.65
20171016-011800 7.843 100.000 4.104 30.220 6.667 1009 2.030 1.015 13.65
20171016-011900 7.911 100.000 4.813 23.500 5.833 1009 2.030 1.015 13.65
20171016-012000 7.775 100.000 4.167 31.080 5.833 1009 2.030 1.015 13.65
20171016-012100 7.911 100.000 3.396 35.060 5.000 1009 2.030 1.015 13.65
20171016-012200 7.809 100.000 3.479 27.510 4.583 1009 2.030 1.015 13.65
20171016-012300 7.877 100.000 3.458 25.260 5.000 1009 2.030 1.015 13.65
20171016-012400 7.911 100.000 3.021 25.460 3.750 1009 2.030 1.015 13.65
20171016-012500 7.911 100.000 3.021 25.490 4.167 1009 2.030 1.015 13.65
20171016-012600 7.911 100.000 4.313 21.510 6.250 1009 2.030 1.015 13.65
20171016-012700 7.877 100.000 3.854 17.920 6.667 1009 2.030 1.015 13.65
20171016-012800 7.911 100.000 3.104 18.510 4.583 1009 2.030 1.015 13.65
20171016-012900 7.911 100.000 3.396 23.860 5.417 1009 2.030 1.015 13.65
20171016-013000 7.877 100.000 4.896 24.490 7.083 1009 2.030 1.015 13.65
20171016-013100 7.843 100.000 3.438 20.370 5.833 1009 2.199 1.015 13.65
20171016-013200 7.809 100.000 3.813 15.980 5.417 1009 2.030 1.015 13.65
20171016-013300 7.877 100.000 3.729 23.350 5.833 1009 2.030 1.015 13.65
20171016-013400 7.809 100.000 4.083 22.510 5.000 1009 2.030 1.015 13.65
20171016-013500 7.775 100.000 4.188 21.050 5.417 1009 2.030 1.015 13.65
20171016-013600 7.809 100.000 3.542 24.260 4.583 1009 2.030 1.015 13.65
20171016-013700 7.911 100.000 3.292 23.280 5.417 1009 2.030 1.015 13.65
20171016-013800 7.843 100.000 3.938 23.870 5.417 1009 2.030 1.015 13.65
20171016-013900 7.843 100.000 4.396 19.240 5.833 1009 2.030 1.015 13.65
20171016-014000 7.741 100.000 4.042 26.640 6.250 1009 2.030 1.015 13.65
20171016-014100 7.809 100.000 3.563 21.110 5.417 1009 2.199 1.015 13.65
20171016-014200 7.775 100.000 3.917 32.220 5.833 1009 2.030 1.015 13.65
20171016-014300 7.877 100.000 3.938 19.960 5.833 1009 2.030 1.015 13.65
20171016-014400 7.775 100.000 4.292 23.770 6.667 1009 2.199 1.015 13.65
20171016-014500 7.843 100.000 3.563 18.730 5.000 1009 2.030 1.015 13.65
20171016-014600 7.809 100.000 3.729 20.520 5.833 1009 2.030 1.015 13.65
20171016-014700 7.809 100.000 3.583 22.990 5.417 1009 2.030 1.015 13.65
20171016-014800 7.809 100.000 4.000 24.980 5.417 1009 2.199 1.015 13.65
20171016-014900 7.809 100.000 3.625 23.400 4.583 1009 2.030 1.015 13.65
20171016-015000 7.843 100.000 4.125 23.570 5.833 1009 2.030 1.015 13.65
20171016-015100 7.843 100.000 4.104 21.310 5.833 1009 2.030 1.015 13.65
20171016-015200 7.708 100.000 4.021 20.430 6.667 1009 2.030 1.015 13.65
20171016-015300 7.775 100.000 3.875 26.470 5.417 1009 2.030 1.015 13.65
20171016-015400 7.809 100.000 3.417 19.930 5.833 1009 2.030 1.015 13.65
20171016-015500 7.843 100.000 3.521 19.070 5.000 1009 2.030 1.015 13.65
20171016-015600 7.843 100.000 3.354 22.170 5.000 1009 2.030 1.015 13.65
20171016-015700 7.843 100.000 3.958 25.660 6.250 1009 2.199 1.015 13.65
20171016-015800 7.843 100.000 3.542 25.690 4.583 1009 2.030 1.015 13.65
20171016-015900 7.809 100.000 4.792 34.880 7.500 1009 2.030 1.015 13.65
20171016-020000 7.809 100.000 3.229 28.940 5.000 1009 2.030 1.015 13.65
20171016-020100 7.843 100.000 3.979 38.230 5.833 1009 2.199 1.015 13.65
20171016-020200 7.741 100.000 3.583 27.960 5.417 1009 2.030 1.015 13.65
20171016-020300 7.809 100.000 3.354 35.290 4.583 1009 2.030 1.015 13.65
20171016-020400 7.741 100.000 3.271 31.740 5.000 1009 2.030 1.015 13.65
20171016-020500 7.775 100.000 3.979 24.140 6.250 1009 2.030 1.015 13.65
20171016-020600 7.775 100.000 3.708 29.110 5.000 1009 2.030 1.100 13.65
20171016-020700 7.809 100.000 3.521 28.060 5.000 1009 2.030 1.015 13.65
20171016-020800 7.741 100.000 3.167 31.330 4.583 1009 2.030 1.015 13.65
20171016-020900 7.809 100.000 3.458 22.400 5.000 1009 2.199 1.015 13.65
20171016-021000 7.741 100.000 3.583 31.000 5.417 1009 2.030 1.015 13.65
20171016-021100 7.775 100.000 3.333 34.450 5.000 1009 2.030 1.015 13.65
20171016-021200 7.775 100.000 3.521 39.300 5.833 1009 2.030 1.015 13.65
20171016-021300 7.775 100.000 3.542 41.300 5.000 1009 2.030 1.015 13.65
20171016-021400 7.775 100.000 3.229 27.810 5.417 1009 2.199 1.100 13.65
20171016-021500 7.775 100.000 3.792 22.760 6.250 1009 2.030 1.100 13.65
20171016-021600 7.843 100.000 3.146 20.110 4.167 1009 2.030 1.015 13.65
20171016-021700 7.809 100.000 3.708 32.180 5.000 1009 2.030 1.015 13.65
20171016-021800 7.810 100.000 2.875 27.220 4.167 1009 2.030 1.015 13.65
20171016-021900 7.877 100.000 3.604 22.530 5.000 1009 2.030 1.015 13.65
20171016-022000 7.776 100.000 3.333 35.860 4.583 1009 2.030 1.015 13.65
20171016-022100 7.776 100.000 3.417 31.930 5.833 1009 2.030 1.015 13.65
20171016-022200 7.742 100.000 3.729 22.560 5.000 1009 2.030 1.015 13.65
20171016-022300 7.809 100.000 5.042 22.690 6.667 1009 2.030 1.015 13.65
20171016-022400 7.708 100.000 3.438 26.860 5.417 1009 2.199 1.015 13.65
20171016-022500 7.776 100.000 3.667 30.550 5.833 1009 2.199 1.015 13.65
20171016-022600 7.742 100.000 3.583 30.640 5.417 1009 2.030 1.015 13.65
20171016-022700 7.742 100.000 3.833 21.490 5.417 1009 2.030 1.015 13.65
20171016-022800 7.708 100.000 3.813 19.800 5.000 1009 2.030 1.015 13.65
20171016-022900 7.775 100.000 4.021 19.720 5.000 1009 2.030 1.015 13.65
20171016-023000 7.742 100.000 3.417 19.520 5.000 1009 2.030 1.015 13.65
20171016-023100 7.843 100.000 3.479 29.840 5.417 1009 2.030 1.015 13.65
20171016-023200 7.843 100.000 3.292 24.320 4.583 1009 2.030 1.015 13.65
20171016-023300 7.775 100.000 3.604 20.950 5.000 1009 2.030 1.015 13.65
20171016-023400 7.809 100.000 3.625 25.770 5.000 1009 2.030 1.015 13.65
20171016-023500 7.775 100.000 3.521 21.910 4.583 1009 2.030 1.015 13.65
20171016-023600 7.775 100.000 2.792 21.280 3.750 1009 2.030 1.015 13.65
20171016-023700 7.843 100.000 3.021 28.880 4.167 1009 2.030 1.015 13.65
20171016-023800 7.742 100.000 3.625 32.090 5.000 1009 2.030 1.015 13.65
20171016-023900 7.843 100.000 4.292 26.110 6.667 1008 2.030 1.015 13.65
20171016-024000 7.809 100.000 4.021 24.700 5.833 1008 2.030 1.015 13.65
20171016-024100 7.843 100.000 3.229 23.540 4.167 1008 2.030 1.015 13.65
20171016-024200 7.775 100.000 4.313 23.140 6.250 1008 2.030 1.015 13.65
20171016-024300 7.775 100.000 3.938 19.900 6.667 1008 2.030 1.015 13.66
20171016-024400 7.742 100.000 5.125 28.920 7.083 1008 2.030 1.015 13.66
20171016-024500 7.742 100.000 4.708 23.960 6.667 1008 2.030 1.015 13.66
20171016-024600 7.742 100.000 3.313 26.030 4.583 1008 2.030 1.015 13.65
20171016-024700 7.775 100.000 3.604 21.990 5.833 1008 2.030 1.015 13.65
20171016-024800 7.775 100.000 4.750 27.150 5.833 1008 2.030 1.015 13.65
20171016-024900 7.674 100.000 3.979 24.210 5.417 1008 2.030 1.015 13.65
20171016-025000 7.640 100.000 4.083 21.260 5.833 1008 2.030 1.015 13.65
20171016-025100 7.742 100.000 4.583 22.430 6.250 1008 2.030 1.100 13.65
20171016-025200 7.674 100.000 3.438 21.200 5.000 1008 2.030 1.100 13.65
20171016-025300 7.640 100.000 3.333 29.880 5.000 1008 2.030 1.015 13.65
20171016-025400 7.675 100.000 3.688 22.410 5.000 1008 2.030 1.015 13.65
20171016-025500 7.674 100.000 4.771 21.940 7.083 1008 2.030 1.100 13.65
20171016-025600 7.708 100.000 4.167 18.930 6.250 1008 2.030 1.015 13.65
20171016-025700 7.742 100.000 3.313 26.130 4.583 1008 2.030 1.015 13.65
20171016-025800 7.708 100.000 3.229 21.520 5.000 1008 2.030 1.015 13.65
20171016-025900 7.742 100.000 4.896 31.240 6.667 1008 2.030 1.100 13.65
20171016-030000 7.742 100.000 4.396 26.360 5.833 1008 2.030 1.015 13.65
20171016-030100 7.708 100.000 3.771 25.420 5.833 1007 2.030 1.015 13.65
20171016-030200 7.674 100.000 4.396 24.680 6.250 1007 2.030 1.015 13.65
20171016-030300 7.742 100.000 4.521 24.830 6.667 1007 2.030 1.015 13.65
20171016-030400 7.606 100.000 4.250 26.570 5.833 1007 2.030 1.015 13.65
20171016-030500 7.606 100.000 4.042 24.790 5.417 1007 2.030 1.015 13.65
20171016-030600 7.640 100.000 5.063 23.360 7.083 1007 2.199 1.015 13.65
20171016-030700 7.640 100.000 4.542 31.670 6.250 1007 2.030 1.015 13.65
20171016-030800 7.708 100.000 3.521 30.430 5.417 1007 2.030 1.015 13.65
20171016-030900 7.606 100.000 4.771 28.650 7.083 1007 2.030 1.015 13.65
20171016-031000 7.708 100.000 4.938 27.150 6.667 1007 2.030 1.015 13.65
20171016-031100 7.606 100.000 4.583 20.890 6.250 1007 2.030 1.015 13.65
20171016-031200 7.640 100.000 3.708 28.310 5.417 1007 2.030 1.015 13.65
20171016-031300 7.674 100.000 4.479 27.800 5.833 1007 2.030 1.100 13.65
20171016-031400 7.640 100.000 4.333 30.070 6.667 1007 2.199 1.015 13.65
20171016-031500 7.572 100.000 3.479 26.290 5.417 1007 2.030 1.015 13.65
20171016-031600 7.606 100.000 4.417 25.040 6.250 1007 2.030 1.015 13.65
20171016-031700 7.640 100.000 3.667 29.770 5.417 1007 2.030 1.015 13.65
20171016-031800 7.640 100.000 3.583 34.390 5.417 1007 2.030 1.015 13.65
20171016-031900 7.640 100.000 2.792 26.690 4.583 1007 2.030 1.015 13.65
20171016-032000 7.606 100.000 4.083 22.110 5.417 1007 2.030 1.015 13.65
20171016-032100 7.640 100.000 3.979 26.450 6.667 1007 2.030 1.015 13.65
20171016-032200 7.641 100.000 4.167 27.480 5.417 1007 2.030 1.015 13.66
20171016-032300 7.641 100.000 5.104 22.640 7.083 1007 2.030 1.015 13.65
20171016-032400 7.607 100.000 5.104 22.400 7.500 1007 2.030 1.015 13.65
20171016-032500 7.640 100.000 5.583 24.690 7.917 1007 2.030 1.015 13.65
20171016-032600 7.606 100.000 4.708 25.220 7.917 1007 2.199 1.015 13.66
20171016-032700 7.606 100.000 5.563 28.120 7.917 1006 2.030 1.015 13.65
20171016-032800 7.640 100.000 4.521 28.460 6.250 1006 2.030 1.015 13.65
20171016-032900 7.708 100.000 4.313 24.880 6.250 1007 2.030 1.015 13.66
20171016-033000 7.640 100.000 4.646 23.460 6.250 1006 2.030 1.015 13.65
20171016-033100 7.640 100.000 4.063 29.320 5.833 1006 2.030 1.015 13.65
20171016-033200 7.674 100.000 4.542 22.990 6.250 1006 2.030 1.015 13.66
20171016-033300 7.640 100.000 3.792 28.480 5.417 1006 2.030 1.015 13.65
20171016-033400 7.674 100.000 4.396 19.520 6.250 1007 2.030 1.015 13.65
20171016-033500 7.674 100.000 3.750 30.330 5.000 1007 2.199 1.015 13.65
20171016-033600 7.674 100.000 4.208 22.790 5.833 1006 2.030 1.015 13.65
20171016-033700 7.675 100.000 4.542 24.910 7.083 1006 2.030 1.015 13.65
20171016-033800 7.607 100.000 3.542 22.090 5.000 1006 2.030 1.015 13.65
20171016-033900 7.607 100.000 4.667 22.060 6.250 1006 2.030 1.015 13.66
20171016-034000 7.675 100.000 4.604 20.820 6.250 1006 2.199 1.015 13.66
20171016-034100 7.607 100.000 4.083 25.650 5.833 1006 2.030 1.100 13.65
20171016-034200 7.674 100.000 4.479 17.730 5.833 1006 2.030 1.015 13.65
20171016-034300 7.607 100.000 5.167 23.420 7.917 1006 2.030 1.015 13.65
20171016-034400 7.574 100.000 4.083 28.530 5.833 1005 2.030 1.015 13.65
20171016-034500 7.608 100.000 4.896 32.020 7.917 1005 2.030 1.015 13.65
20171016-034600 7.675 100.000 3.854 26.200 5.833 1005 2.030 1.015 13.65
20171016-034700 7.676 100.000 5.875 23.950 8.750 1005 2.030 1.015 13.66
20171016-034800 7.574 100.000 5.708 23.460 8.330 1005 2.030 1.015 13.65
20171016-034900 7.676 100.000 5.625 38.180 8.330 1005 2.030 1.015 13.65
20171016-035000 7.574 100.000 3.938 22.970 5.833 1005 2.030 1.100 13.65
20171016-035100 7.675 100.000 3.583 31.500 6.250 1005 2.030 1.015 13.65
20171016-035200 7.540 100.000 5.167 28.890 6.667 1005 2.030 1.015 13.66
20171016-035300 7.607 100.000 3.896 33.410 5.833 1005 2.030 1.015 13.65
20171016-035400 7.607 100.000 5.333 19.020 8.330 1005 2.030 1.015 13.65
20171016-035500 7.709 100.000 3.854 29.580 5.000 1005 2.030 1.015 13.66
20171016-035600 7.607 100.000 4.250 30.490 5.833 1005 2.030 1.015 13.66
20171016-035700 7.708 100.000 5.188 26.240 7.500 1005 2.199 1.015 13.66
20171016-035800 7.640 100.000 4.833 28.440 7.083 1005 2.030 1.015 13.65
20171016-035900 7.641 100.000 5.354 30.630 7.500 1005 2.199 1.015 13.65
20171016-040000 7.607 100.000 4.542 23.500 6.250 1005 2.030 1.015 13.65
20171016-040100 7.641 100.000 5.250 22.920 7.500 1005 2.030 1.015 13.65
20171016-040200 7.641 100.000 4.792 37.500 7.083 1005 2.030 1.015 13.66
20171016-040300 7.674 99.900 4.771 35.360 7.500 1005 2.030 1.015 13.65
20171016-040400 7.640 99.900 3.854 37.480 5.833 1005 2.030 1.015 13.66
20171016-040500 7.675 99.900 5.250 30.700 8.330 1005 2.199 1.015 13.65
20171016-040600 7.641 99.700 5.854 21.610 8.330 1005 2.030 1.015 13.65
20171016-040700 7.641 99.700 3.813 37.260 5.417 1005 2.030 1.015 13.65
20171016-040800 7.607 99.700 4.104 41.370 5.417 1005 2.030 1.015 13.65
20171016-040900 7.674 99.600 4.625 29.010 9.170 1005 2.030 1.015 13.65
20171016-041000 7.606 99.600 4.375 28.760 6.667 1005 2.030 1.015 13.65
20171016-041100 7.674 99.700 4.208 27.520 5.833 1005 2.030 1.015 13.65
20171016-041200 7.674 99.600 3.500 30.110 5.833 1005 2.030 1.015 13.65
20171016-041300 7.674 99.500 3.333 31.940 5.833 1005 2.030 1.015 13.65
20171016-041400 7.674 99.500 3.688 32.350 4.583 1005 2.030 1.015 13.65
20171016-041500 7.742 99.400 4.042 25.770 5.833 1005 2.030 1.015 13.65
20171016-041600 7.674 99.300 4.021 22.740 6.250 1005 2.030 1.015 13.65
20171016-041700 7.742 99.500 3.146 30.230 5.417 1005 2.030 1.015 13.65
20171016-041800 7.742 99.400 4.771 36.870 6.667 1005 2.876 1.015 13.65
20171016-041900 7.708 99.400 4.292 28.010 5.833 1005 2.030 1.015 13.65
20171016-042000 7.775 99.500 3.042 23.110 3.750 1005 2.030 1.015 13.65
20171016-042100 7.742 99.400 3.583 32.360 5.833 1006 2.030 1.015 13.65
20171016-042200 7.742 99.200 4.583 39.240 7.083 1005 2.030 1.015 13.65
20171016-042300 7.640 99.200 4.458 41.230 6.250 1006 2.030 1.015 13.65
20171016-042400 7.675 99.300 2.667 32.460 4.583 1006 2.030 1.015 13.65
20171016-042500 7.674 99.300 2.938 33.140 4.583 1006 2.030 1.015 13.65
20171016-042600 7.674 99.400 2.417 24.720 4.167 1006 2.030 1.015 13.65
20171016-042700 7.742 99.500 2.583 36.100 3.750 1006 2.030 1.015 13.65
20171016-042800 7.742 99.400 3.542 47.100 6.667 1006 2.030 1.015 13.65
20171016-042900 7.708 99.300 3.146 37.550 4.167 1006 2.538 1.015 13.65
20171016-043000 7.776 99.400 3.583 31.590 6.250 1006 2.030 1.015 13.65
20171016-043100 7.742 99.300 2.104 20.170 3.333 1006 2.030 1.015 13.65
20171016-043200 7.742 99.400 2.688 37.040 3.750 1006 2.030 1.015 13.65
20171016-043300 7.674 99.400 1.688 32.930 2.917 1006 2.030 1.015 13.65
20171016-043400 7.742 99.500 1.438 39.550 2.500 1006 2.030 1.015 13.65
20171016-043500 7.674 99.600 2.438 28.730 3.750 1006 2.199 1.015 13.65
20171016-043600 7.742 99.500 3.250 27.730 5.000 1006 2.030 1.015 13.65
20171016-043700 7.742 99.400 2.333 29.670 3.333 1006 2.199 1.015 13.65
20171016-043800 7.809 99.500 2.688 32.670 4.167 1006 2.030 1.015 13.65
20171016-043900 7.708 99.500 2.917 21.010 5.833 1006 2.538 1.015 13.65
20171016-044000 7.775 99.700 2.792 18.630 4.167 1006 2.030 1.015 13.66
20171016-044100 7.674 99.600 2.917 36.190 4.167 1006 2.030 1.015 13.65
20171016-044200 7.708 99.600 2.563 22.950 4.167 1006 2.030 1.015 13.65
20171016-044300 7.775 99.600 3.625 40.910 6.250 1005 2.030 1.015 13.65
20171016-044400 7.708 99.600 3.667 36.590 5.833 1005 2.030 1.015 13.65
20171016-044500 7.809 99.600 2.771 27.720 4.583 1005 2.199 1.015 13.65
20171016-044600 7.675 99.500 3.229 25.320 5.417 1005 2.030 1.015 13.65
20171016-044700 7.674 99.600 2.563 32.310 3.750 1005 2.030 1.015 13.65
20171016-044800 7.674 99.600 3.271 40.340 4.583 1005 2.030 1.015 13.65
20171016-044900 7.708 99.700 3.708 27.060 5.000 1005 2.030 1.015 13.65
20171016-045000 7.742 99.700 3.563 30.350 5.417 1005 2.030 1.015 13.65
20171016-045100 7.742 99.900 3.021 28.580 4.167 1005 2.030 1.015 13.65
20171016-045200 7.640 99.700 3.396 31.560 5.417 1005 2.030 1.015 13.65
20171016-045300 7.674 99.800 3.271 26.720 4.583 1005 2.199 1.015 13.65
20171016-045400 7.742 99.700 3.854 32.160 6.250 1005 2.030 1.015 13.65
20171016-045500 7.674 99.700 3.958 32.140 6.250 1005 2.030 1.015 13.65
20171016-045600 7.640 99.800 3.750 33.850 5.833 1004 2.368 1.015 13.65
20171016-045700 7.674 99.900 3.250 37.500 5.833 1004 2.030 1.015 13.65
20171016-045800 7.640 100.000 3.271 26.230 5.417 1004 2.030 1.015 13.65
20171016-045900 7.674 100.000 2.417 13.270 3.750 1004 2.199 1.015 13.65
20171016-050000 7.709 100.000 2.917 20.980 4.583 1004 2.199 1.015 13.65
20171016-050100 7.641 100.000 3.417 31.100 5.833 1004 2.030 1.015 13.65
20171016-050200 7.674 100.000 4.313 31.790 6.250 1004 2.030 1.015 13.65
20171016-050300 7.640 100.000 3.063 27.020 4.167 1004 2.030 1.015 13.66
20171016-050400 7.674 100.000 4.021 34.830 6.250 1004 2.030 1.015 13.65
20171016-050500 7.640 100.000 2.625 33.200 4.167 1004 2.030 1.015 13.65
20171016-050600 7.640 100.000 3.500 33.690 5.833 1004 2.030 1.015 13.65
20171016-050700 7.674 100.000 4.604 39.910 6.667 1004 2.030 1.015 13.65
20171016-050800 7.640 100.000 3.292 33.600 4.583 1004 2.030 1.015 13.65
20171016-050900 7.708 100.000 3.125 23.700 4.167 1004 2.030 1.015 13.65
20171016-051000 7.606 100.000 3.771 34.660 5.000 1004 2.030 1.015 13.65
20171016-051100 7.640 100.000 3.458 28.410 5.000 1004 2.030 1.015 13.65
20171016-051200 7.640 100.000 4.875 24.760 7.083 1004 2.030 1.015 13.65
20171016-051300 7.640 100.000 4.188 25.020 6.250 1004 2.030 1.015 13.65
20171016-051400 7.640 100.000 4.438 27.020 6.250 1004 2.030 1.015 13.65
20171016-051500 7.606 100.000 3.813 29.730 5.417 1004 2.030 1.015 13.66
20171016-051600 7.539 100.000 4.208 41.890 6.250 1004 2.030 1.015 13.65
20171016-051700 7.606 100.000 3.063 33.410 4.583 1004 2.030 1.015 13.65
20171016-051800 7.606 100.000 4.063 32.770 5.417 1004 2.030 1.015 13.65
20171016-051900 7.572 100.000 4.208 37.590 6.667 1004 2.199 1.015 13.65
20171016-052000 7.640 100.000 3.917 30.440 5.417 1003 2.030 1.015 13.66
20171016-052100 7.640 100.000 3.833 35.500 5.000 1003 2.030 1.015 13.66
20171016-052200 7.674 100.000 3.729 33.350 5.417 1003 2.030 1.015 13.65
20171016-052300 7.708 100.000 2.917 31.550 4.583 1003 2.030 1.015 13.65
20171016-052400 7.640 100.000 4.979 30.370 6.667 1003 2.030 1.015 13.65
20171016-052500 7.674 100.000 3.813 27.240 5.417 1003 2.030 1.015 13.65
20171016-052600 7.606 100.000 3.333 30.540 4.583 1003 2.030 1.015 13.65
20171016-052700 7.675 100.000 3.188 33.460 4.583 1003 2.030 1.015 13.65
20171016-052800 7.641 100.000 3.729 18.940 6.667 1003 2.030 1.015 13.66
20171016-052900 7.708 100.000 3.667 33.960 5.000 1003 2.030 1.015 13.65
20171016-053000 7.708 100.000 5.083 35.070 8.750 1002 2.030 1.015 13.65
20171016-053100 7.708 100.000 3.771 31.260 6.250 1002 2.030 1.015 13.65
20171016-053200 7.640 100.000 3.771 24.880 6.250 1002 2.030 1.015 13.65
20171016-053300 7.708 100.000 3.875 29.740 6.250 1002 2.030 1.015 13.66
20171016-053400 7.708 100.000 3.792 34.890 6.250 1002 2.030 1.015 13.66
20171016-053500 7.776 100.000 3.000 22.040 4.167 1002 2.030 1.015 13.65
20171016-053600 7.810 100.000 3.542 29.430 5.833 1002 2.030 1.015 13.65
20171016-053700 7.742 100.000 4.146 29.660 6.250 1002 2.030 1.015 13.65
20171016-053800 7.674 100.000 4.167 35.240 5.417 1002 2.030 1.015 13.65
20171016-053900 7.742 100.000 3.854 39.010 6.667 1002 2.030 1.015 13.65
20171016-054000 7.708 100.000 3.667 32.960 4.583 1001 2.030 1.015 13.65
20171016-054100 7.742 100.000 3.708 23.630 5.417 1001 2.030 1.015 13.65
20171016-054200 7.776 100.000 3.646 25.810 5.833 1001 2.030 1.015 13.65
20171016-054300 7.742 100.000 3.917 40.280 6.667 1001 2.030 1.015 13.65
20171016-054400 7.708 100.000 3.958 32.690 6.250 1001 2.030 1.015 13.65
20171016-054500 7.775 100.000 4.958 37.110 9.170 1001 2.030 1.015 13.65
20171016-054600 7.775 100.000 3.292 31.190 5.833 1001 2.030 1.015 13.65
20171016-054700 7.843 100.000 4.500 41.670 8.330 1001 2.030 1.015 13.65
20171016-054800 7.775 100.000 3.875 34.820 6.250 1001 2.030 1.015 13.65
20171016-054900 7.809 100.000 3.604 40.750 6.667 1001 2.030 1.015 13.65
20171016-055000 7.775 100.000 3.458 33.850 5.000 1001 2.199 1.015 13.65
20171016-055100 7.809 100.000 4.250 36.420 6.667 1001 2.030 1.015 13.65
20171016-055200 7.775 100.000 3.896 26.580 6.250 1001 2.030 1.015 13.65
20171016-055300 7.843 100.000 3.938 45.850 6.667 1001 2.030 1.015 13.65
20171016-055400 7.775 100.000 3.313 30.260 5.000 1001 2.030 1.015 13.65
20171016-055500 7.877 100.000 3.521 39.760 5.000 1001 2.030 1.015 13.65
20171016-055600 7.877 100.000 4.042 34.590 7.500 1001 2.030 1.015 13.65
20171016-055700 7.877 100.000 3.667 29.570 7.500 1001 2.030 1.015 13.65
20171016-055800 7.877 100.000 4.292 46.090 8.750 1001 2.030 1.015 13.65
20171016-055900 7.911 100.000 3.979 29.080 5.833 1001 2.030 1.015 13.65
20171016-060000 7.911 100.000 4.625 31.390 7.500 1001 2.030 1.015 13.65
20171016-060100 8.010 100.000 4.063 33.540 7.083 1001 2.030 1.015 13.65
20171016-060200 7.945 100.000 4.292 35.710 8.750 1001 2.030 1.015 13.65
20171016-060300 7.877 100.000 4.021 42.600 6.250 1001 2.030 1.015 13.65
20171016-060400 7.945 100.000 4.167 32.510 6.250 1001 2.030 1.015 13.65
20171016-060500 7.877 100.000 4.563 31.800 8.750 1000 2.030 1.015 13.65
20171016-060600 7.945 100.000 5.292 34.530 7.917 1000 2.030 1.015 13.65
20171016-060700 7.978 100.000 4.896 36.270 7.083 1000 2.030 1.015 13.65
20171016-060800 8.010 100.000 4.333 29.910 6.250 1000 2.030 1.015 13.65
20171016-060900 8.010 100.000 5.125 34.600 9.170 1000 2.030 1.015 13.65
20171016-061000 8.080 100.000 4.563 35.960 8.750 1000 2.030 1.015 13.65
20171016-061100 8.080 100.000 5.146 39.830 7.917 1000 2.030 1.015 13.65
20171016-061200 8.050 100.000 4.938 28.390 8.330 1000 2.030 1.015 13.65
20171016-061300 8.010 100.000 5.625 34.630 10.420 1000 2.030 1.015 13.65
20171016-061400 8.050 100.000 5.333 38.050 7.083 1000 2.030 1.015 13.65
20171016-061500 8.080 100.000 3.854 31.430 6.667 1000 2.030 1.015 13.65
20171016-061600 7.945 100.000 4.667 29.700 6.250 1000 2.030 1.015 13.65
20171016-061700 8.010 100.000 3.000 38.320 4.583 1000 2.030 1.015 13.65
20171016-061800 8.010 100.000 2.854 37.810 5.000 1000 2.030 1.015 13.65
20171016-061900 8.050 100.000 4.833 35.890 7.083 1000 2.030 1.015 13.65
20171016-062000 8.050 100.000 5.625 30.430 7.917 1000 2.030 1.015 13.65
20171016-062100 8.050 100.000 4.271 27.000 6.250 1000 2.030 1.015 13.65
20171016-062200 8.080 100.000 4.250 34.590 6.667 1000 2.030 1.015 13.65
20171016-062300 8.110 100.000 3.979 35.520 7.500 1000 2.030 1.015 13.65
20171016-062400 8.080 100.000 3.063 39.160 4.583 1000 2.030 1.015 13.65
20171016-062500 8.110 100.000 4.875 40.490 7.917 1000 2.030 1.015 13.65
20171016-062600 8.150 100.000 4.646 34.130 6.667 1000 2.030 1.015 13.65
20171016-062700 8.150 100.000 3.583 31.900 5.833 1000 2.030 1.015 13.65
20171016-062800 8.080 100.000 2.667 28.450 4.167 1000 2.030 1.015 13.65
20171016-062900 8.150 100.000 4.063 25.290 6.250 1000 2.030 1.015 13.65
20171016-063000 8.220 100.000 2.792 36.770 4.167 1000 2.030 1.015 13.65
20171016-063100 8.220 100.000 3.875 40.920 6.667 1000 2.199 1.015 13.65
20171016-063200 8.180 100.000 4.083 40.300 7.083 999 2.030 1.015 13.65
20171016-063300 8.220 100.000 3.271 21.350 5.833 999 2.030 1.015 13.65
20171016-063400 8.320 100.000 3.000 34.700 4.583 999 2.199 1.015 13.65
20171016-063500 8.220 100.000 3.292 30.180 6.667 999 2.199 1.015 13.65
20171016-063600 8.350 100.000 3.646 54.760 5.833 999 2.030 1.015 13.65
20171016-063700 8.380 100.000 4.375 33.280 7.083 999 2.030 1.015 13.65
20171016-063800 8.380 100.000 3.563 35.330 5.000 999 2.030 1.015 13.65
20171016-063900 8.420 100.000 3.333 43.220 7.083 999 2.030 1.015 13.65
20171016-064000 8.450 100.000 4.771 38.360 7.917 999 2.030 1.015 13.65
20171016-064100 8.420 100.000 3.708 37.400 6.667 999 2.030 1.015 13.64
20171016-064200 8.490 100.000 2.979 39.680 5.417 999 2.030 1.015 13.65
20171016-064300 8.490 100.000 3.167 50.510 5.417 999 2.030 1.015 13.64
20171016-064400 8.520 100.000 2.646 22.500 6.250 999 2.030 1.015 13.64
20171016-064500 8.550 100.000 3.729 34.460 6.667 999 2.030 1.015 13.64
20171016-064600 8.520 100.000 2.313 28.830 4.167 999 2.030 1.015 13.64
20171016-064700 8.520 100.000 2.250 31.500 4.167 999 2.199 1.015 13.64
20171016-064800 8.620 100.000 3.229 18.440 5.000 999 2.030 1.015 13.64
20171016-064900 8.590 100.000 3.563 37.570 6.250 999 2.030 1.015 13.64
20171016-065000 8.550 100.000 3.417 30.200 5.000 999 2.030 1.015 13.64
20171016-065100 8.620 100.000 5.104 32.070 7.500 998 2.199 1.015 13.64
20171016-065200 8.590 100.000 4.021 36.480 6.250 999 2.030 1.015 13.64
20171016-065300 8.590 100.000 4.188 25.240 6.667 998 2.030 1.015 13.64
20171016-065400 8.690 100.000 3.313 38.920 5.000 998 2.030 1.015 13.64
20171016-065500 8.620 100.000 4.042 33.400 7.500 998 2.030 1.015 13.64
20171016-065600 8.620 100.000 4.479 42.370 8.330 998 2.030 1.015 13.64
20171016-065700 8.690 100.000 3.229 46.880 7.083 998 2.030 1.015 13.64
20171016-065800 8.690 100.000 3.792 41.630 7.917 998 2.030 1.015 13.64
20171016-065900 8.720 100.000 3.896 49.560 6.250 998 2.030 1.015 13.64
20171016-070000 8.720 100.000 3.458 36.030 6.667 998 2.030 1.015 13.64
20171016-070100 8.720 100.000 5.313 44.710 9.170 998 2.030 1.015 13.64
20171016-070200 8.820 100.000 3.646 37.570 5.417 998 2.199 1.015 13.64
20171016-070300 8.760 100.000 3.708 35.270 7.083 997 2.030 1.015 13.64
20171016-070400 8.790 100.000 4.146 45.670 8.750 997 2.030 1.015 13.64
20171016-070500 8.790 100.000 4.104 35.890 5.417 997 2.030 1.015 13.64
20171016-070600 8.860 100.000 3.375 53.410 5.000 998 2.030 1.015 13.64
20171016-070700 8.860 100.000 2.313 50.210 3.750 997 2.030 1.015 13.64
20171016-070800 8.860 100.000 2.604 42.860 5.000 997 2.030 1.015 13.64
20171016-070900 8.860 100.000 3.979 32.520 7.500 997 2.199 1.015 13.64
20171016-071000 8.860 100.000 4.771 67.420 7.500 997 2.030 1.015 13.64
20171016-071100 8.890 100.000 3.313 64.690 6.667 997 2.199 1.015 13.64
20171016-071200 8.890 100.000 2.104 51.120 3.333 997 2.030 1.015 13.64
20171016-071300 8.960 100.000 3.354 53.240 8.750 997 2.030 1.015 13.64
20171016-071400 9.030 100.000 3.750 69.460 6.667 997 2.030 1.015 13.64
20171016-071500 9.060 100.000 3.583 57.360 7.083 997 2.030 1.015 13.63
20171016-071600 9.030 100.000 4.250 44.860 6.667 997 2.030 1.015 13.64
20171016-071700 9.030 100.000 3.417 64.720 5.833 997 2.030 1.015 13.63
20171016-071800 8.990 100.000 4.646 43.650 8.330 997 2.030 1.015 13.63
20171016-071900 9.030 100.000 3.938 56.760 10.000 997 2.199 1.015 13.63
20171016-072000 9.060 100.000 4.479 54.330 6.667 997 2.030 1.015 13.63
20171016-072100 9.090 100.000 2.313 42.170 5.000 997 2.030 1.015 13.63
20171016-072200 9.060 100.000 4.188 46.640 8.330 997 2.030 1.015 13.63
20171016-072300 9.130 100.000 2.854 64.480 5.000 997 2.030 1.015 13.63
20171016-072400 9.060 100.000 3.250 39.920 7.917 997 2.030 1.015 13.63
20171016-072500 9.090 100.000 4.083 66.070 7.917 996 2.030 1.015 13.63
20171016-072600 9.130 100.000 4.854 50.630 8.750 996 2.030 1.015 13.63
20171016-072700 9.160 100.000 4.250 55.740 7.500 996 2.030 1.015 13.63
20171016-072800 9.160 100.000 2.854 41.810 7.917 996 2.030 1.015 13.63
20171016-072900 9.260 100.000 2.542 43.270 4.167 996 2.030 1.015 13.63
20171016-073000 9.190 100.000 3.146 27.300 5.417 996 2.030 1.015 13.63
20171016-073100 9.160 100.000 3.167 44.010 5.833 996 2.030 1.015 13.63
20171016-073200 9.260 100.000 4.063 41.380 8.750 996 2.030 1.015 13.63
20171016-073300 9.220 100.000 3.604 58.770 10.420 996 2.030 1.015 13.63
20171016-073400 9.330 100.000 3.333 52.220 5.833 996 2.030 1.015 13.63
20171016-073500 9.260 100.000 4.063 34.780 8.330 996 2.030 1.015 13.63
20171016-073600 9.290 100.000 3.208 31.930 6.250 996 2.030 1.015 13.63
20171016-073700 9.220 100.000 4.188 41.440 7.500 996 2.030 1.099 13.63
20171016-073800 9.320 100.000 2.938 51.390 5.833 996 2.030 1.015 13.63
20171016-073900 9.290 100.000 2.938 36.370 5.000 996 2.030 1.015 13.63
20171016-074000 9.360 100.000 3.667 44.980 6.667 996 2.030 1.015 13.63
20171016-074100 9.320 100.000 3.646 48.990 6.250 996 2.199 1.015 13.62
20171016-074200 9.320 100.000 3.979 33.420 9.580 995 2.030 1.015 13.62
20171016-074300 9.290 100.000 4.083 39.200 8.330 996 2.199 1.015 13.62
20171016-074400 9.290 100.000 2.646 67.560 5.000 996 2.030 1.015 13.62
20171016-074500 9.320 100.000 3.104 42.280 5.417 996 2.030 1.015 13.62
20171016-074600 9.360 100.000 2.063 92.800 4.583 996 2.030 1.015 13.62
20171016-074700 9.360 99.900 2.875 38.600 5.833 996 2.030 1.015 13.62
20171016-074800 9.190 99.900 1.688 53.560 3.750 996 2.199 1.015 13.62
20171016-074900 9.320 100.000 2.438 57.120 4.583 996 2.199 1.015 13.62
20171016-075000 9.320 100.000 2.792 62.830 5.000 996 2.199 1.015 13.62
20171016-075100 9.390 100.000 2.792 46.420 5.833 996 2.199 1.015 13.62
20171016-075200 9.390 100.000 5.042 64.180 8.330 995 2.199 1.015 13.62
20171016-075300 9.430 100.000 3.250 82.400 7.083 996 2.537 1.691 13.62
20171016-075400 9.320 100.000 2.479 68.270 4.167 995 2.199 1.015 13.62
20171016-075500 9.430 99.900 2.438 88.200 4.167 995 2.199 1.015 13.62
20171016-075600 9.430 100.000 2.875 93.600 5.000 995 2.199 1.015 13.62
20171016-075700 9.430 99.900 2.292 110.400 4.167 995 2.199 1.015 13.62
20171016-075800 9.430 99.900 3.563 99.800 5.000 995 2.453 1.691 13.62
20171016-075900 9.530 99.700 3.104 88.600 5.417 995 3.129 2.199 13.62
20171016-080000 9.460 99.800 3.438 105.900 6.667 995 3.214 2.199 13.62
20171016-080100 9.560 100.000 4.354 98.100 7.083 995 4.229 2.791 13.62
20171016-080200 9.630 99.900 2.771 103.600 6.250 995 4.567 3.214 13.62
20171016-080300 9.530 99.800 2.833 83.800 5.417 995 4.229 2.791 13.61
20171016-080400 9.660 99.700 3.583 95.500 5.000 995 6.258 5.244 13.62
20171016-080500 9.730 99.600 3.479 88.500 8.330 995 6.766 5.751 13.62
20171016-080600 9.800 99.500 5.458 99.800 10.000 995 6.597 5.244 13.62
20171016-080700 9.800 99.300 5.708 86.700 12.080 995 8.290 6.935 13.62
20171016-080800 9.760 99.000 6.625 90.700 8.330 995 6.935 5.751 13.61
20171016-080900 9.900 98.800 4.083 97.600 8.750 994 7.950 6.258 13.61
20171016-081000 9.900 98.500 4.167 81.400 8.750 995 7.612 6.258 13.61
20171016-081100 9.930 98.200 3.667 82.700 7.500 995 9.640 8.290 13.61
20171016-081200 9.930 97.900 4.333 85.600 7.083 995 6.597 5.244 13.61
20171016-081300 9.970 97.800 3.521 89.700 7.917 994 5.582 4.229 13.61
20171016-081400 10.000 97.700 8.190 101.800 11.670 994 6.597 5.244 13.61
20171016-081500 10.070 97.500 5.813 100.100 11.670 994 8.290 6.935 13.61
20171016-081600 10.100 97.000 4.917 93.100 11.250 994 8.960 7.612 13.61
20171016-081700 10.170 96.800 5.083 91.400 11.250 994 6.935 5.751 13.61
20171016-081800 10.270 96.600 6.583 94.000 12.080 994 6.850 5.751 13.61
20171016-081900 10.340 96.300 4.833 96.100 7.083 994 7.612 6.258 13.61
20171016-082000 10.370 95.800 4.542 94.400 8.330 994 5.920 4.905 13.61
20171016-082100 10.410 95.600 3.604 101.000 7.917 994 9.640 7.612 13.61
20171016-082200 10.370 95.400 4.792 92.400 9.170 994 11.670 10.320 13.61
20171016-082300 10.370 95.300 4.229 95.600 8.750 994 10.400 8.800 13.61
20171016-082400 10.370 95.100 6.479 94.400 9.170 994 6.766 5.582 13.61
20171016-082500 10.340 94.900 7.542 93.900 10.830 994 8.290 6.935 13.61
20171016-082600 10.340 94.900 6.604 96.500 9.170 994 12.010 10.320 13.61
20171016-082700 10.240 95.000 6.167 94.800 10.830 994 19.110 17.590 13.60
20171016-082800 10.340 94.900 7.042 98.200 10.420 994 23.850 22.500 13.61
20171016-082900 10.240 95.200 4.771 90.500 11.250 994 19.370 17.510 13.60
20171016-083000 10.170 95.500 4.979 89.400 10.830 994 21.480 19.790 13.60
20171016-083100 10.200 95.500 6.375 98.000 8.750 993 25.880 24.860 13.60
20171016-083200 10.300 95.800 5.625 101.500 10.420 994 29.260 27.060 13.60
20171016-083300 10.370 96.000 6.729 99.300 10.420 994 29.940 27.570 13.60
20171016-083400 10.300 95.800 6.708 97.400 11.250 993 33.490 31.630 13.60
20171016-083500 10.340 95.600 5.104 94.000 9.170 993 38.400 36.370 13.60
20171016-083600 10.370 95.400 3.917 91.800 6.667 993 48.880 47.110 13.60
20171016-083700 10.410 95.300 4.042 84.100 7.500 993 51.170 48.540 13.60
20171016-083800 10.470 95.300 3.417 87.300 8.750 993 55.990 53.190 13.60
20171016-083900 10.370 95.400 3.938 87.900 8.330 993 57.000 54.460 13.60
20171016-084000 10.370 95.500 4.729 80.300 8.330 993 81.700 78.650 13.60
20171016-084100 10.470 95.500 4.500 83.000 8.750 993 76.620 73.240 13.60
20171016-084200 10.400 95.500 4.938 93.200 7.500 993 88.100 84.700 13.60
20171016-084300 10.500 95.500 4.208 94.900 7.500 993 94.900 90.800 13.60
20171016-084400 10.440 95.400 4.271 80.900 7.083 993 136.600 131.400 13.60
20171016-084500 10.440 95.600 3.333 81.000 6.250 993 153.400 147.000 13.60
20171016-084600 10.500 95.600 3.271 89.000 5.833 993 169.600 163.000 13.60
20171016-084700 10.500 95.600 2.688 75.420 5.417 993 193.800 187.100 13.60
20171016-084800 10.570 95.600 3.938 88.000 6.250 993 208.500 200.900 13.60
20171016-084900 10.540 95.700 3.292 69.120 6.250 993 218.000 210.200 13.60
20171016-085000 10.600 95.700 3.729 64.920 7.083 993 222.700 215.000 13.60
20171016-085100 10.710 95.700 4.583 81.800 8.330 993 253.500 243.700 13.60
20171016-085200 10.770 95.500 3.500 69.840 7.500 993 289.000 277.900 13.60
20171016-085300 10.700 95.500 2.792 80.300 4.167 993 321.800 309.300 13.60
20171016-085400 10.770 95.500 4.188 73.020 7.083 993 330.300 318.100 13.60
20171016-085500 10.840 95.400 2.500 73.370 3.750 993 340.000 326.900 13.60
20171016-085600 10.770 95.200 2.667 81.800 6.250 992 323.900 311.400 13.60
20171016-085700 10.840 95.200 4.500 76.040 7.500 993 321.200 308.700 13.60
20171016-085800 10.980 95.000 4.813 94.900 7.500 992 303.900 291.700 13.60
20171016-085900 10.910 94.800 3.042 90.200 5.833 992 331.600 319.000 13.59
20171016-090000 11.040 94.600 3.438 89.700 6.667 992 308.000 296.100 13.59
20171016-090100 11.040 94.500 3.521 103.400 5.833 992 262.700 252.700 13.59
20171016-090200 11.110 94.600 4.646 105.800 8.750 992 252.500 243.400 13.59
20171016-090300 11.180 94.400 7.042 100.800 10.830 992 268.400 257.900 13.59
20171016-090400 11.310 94.100 5.500 101.400 8.750 992 300.900 289.400 13.59
20171016-090500 11.350 93.600 5.500 106.500 9.580 992 274.800 264.300 13.59
20171016-090600 11.380 93.500 4.417 91.300 7.083 992 220.000 212.200 13.58
20171016-090700 11.480 93.400 7.083 103.900 10.830 992 200.600 193.100 13.58
20171016-090800 11.550 92.700 6.667 101.600 9.580 992 193.900 187.000 13.58
20171016-090900 11.620 92.400 4.229 89.600 10.830 992 187.600 180.500 13.58
20171016-091000 11.680 92.200 4.833 85.500 8.750 991 181.500 175.000 13.58
20171016-091100 11.650 92.000 5.313 93.800 9.170 992 235.900 227.100 13.58
20171016-091200 11.790 91.900 3.521 96.900 6.250 992 261.000 250.800 13.58
20171016-091300 11.790 91.800 5.229 93.800 8.750 991 266.700 256.200 13.58
20171016-091400 11.820 91.600 5.042 100.200 7.917 991 223.800 215.600 13.58
20171016-091500 11.820 91.400 3.750 108.000 7.083 991 300.500 288.700 13.58
20171016-091600 11.850 91.400 4.229 98.700 7.083 991 358.400 344.800 13.58
20171016-091700 11.850 91.300 5.167 99.400 7.917 991 466.300 449.400 13.58
20171016-091800 11.920 91.200 4.583 98.500 7.917 991 599.200 577.200 13.58
20171016-091900 11.920 91.100 6.521 104.700 10.000 991 714.900 690.200 13.58
20171016-092000 12.060 90.900 3.958 95.100 7.083 991 880.000 849.000 13.57
20171016-092100 12.060 90.900 5.688 101.900 8.330 991 774.400 748.000 13.57
20171016-092200 12.020 90.700 5.542 98.700 10.830 991 735.200 709.500 13.57
20171016-092300 12.160 90.500 3.979 89.500 7.083 991 732.400 707.300 13.57
20171016-092400 12.190 90.400 5.646 105.600 10.420 991 733.200 708.500 13.57
20171016-092500 12.230 90.100 5.229 94.200 7.917 991 645.200 622.500 13.57
20171016-092600 12.260 89.800 5.917 100.300 10.420 990 636.300 613.800 13.57
20171016-092700 12.360 89.500 7.333 97.900 10.420 991 501.800 483.900 13.57
20171016-092800 12.360 89.300 6.521 93.900 10.830 991 373.600 358.700 13.57
20171016-092900 12.390 89.000 7.542 93.200 11.670 991 456.600 439.600 13.57
20171016-093000 12.390 89.200 5.000 94.900 8.750 991 404.400 388.800 13.57
20171016-093100 12.330 89.300 5.896 101.300 8.750 990 391.900 377.300 13.56
20171016-093200 12.330 89.300 5.813 95.400 10.000 991 336.800 324.200 13.56
20171016-093300 12.360 89.400 6.083 101.300 8.330 991 330.600 318.500 13.56
20171016-093400 12.360 89.500 4.458 106.600 9.580 991 307.300 295.500 13.56
20171016-093500 12.330 89.400 3.708 105.900 6.667 991 264.800 254.500 13.56
20171016-093600 12.360 89.500 3.792 124.300 5.417 991 217.800 210.200 13.56
20171016-093700 12.290 89.600 4.188 115.400 6.667 991 186.000 179.000 13.56
20171016-093800 12.260 89.800 3.729 123.900 5.833 991 163.200 157.100 13.56
20171016-093900 12.260 89.900 3.521 131.500 7.500 991 164.200 158.300 13.56
20171016-094000 12.260 90.100 4.000 151.600 5.833 991 219.300 211.900 13.56
20171016-094100 12.260 90.100 3.792 137.000 5.417 991 247.800 238.500 13.56
20171016-094200 12.360 90.300 2.271 143.400 3.750 991 505.200 486.900 13.56
20171016-094300 12.220 90.400 4.313 106.200 7.917 991 427.900 412.100 13.56
20171016-094400 12.290 90.600 4.271 110.700 7.917 991 351.600 337.700 13.56
20171016-094500 12.290 90.700 4.750 102.400 7.500 991 423.300 407.100 13.56
20171016-094600 12.330 90.600 6.313 106.400 8.330 991 440.700 423.600 13.56
20171016-094700 12.330 90.900 3.792 117.100 5.833 991 456.900 440.200 13.56
20171016-094800 12.220 90.900 3.125 147.800 5.000 991 449.000 432.100 13.56
20171016-094900 12.290 91.000 3.458 128.300 5.000 991 580.900 560.600 13.56
20171016-095000 12.190 91.100 4.313 132.600 7.917 991 648.500 626.600 13.56
20171016-095100 12.260 91.200 3.500 125.900 5.417 990 1002.000 967.000 13.56
20171016-095200 12.290 91.100 4.375 111.600 6.667 990 1087.000 1050.000 13.56
20171016-095300 12.290 91.200 2.896 111.700 4.583 990 809.000 778.800 13.56
20171016-095400 12.260 91.100 4.500 104.300 6.667 990 662.800 640.100 13.56
20171016-095500 12.330 91.100 3.521 142.900 5.833 990 647.300 624.600 13.56
20171016-095600 12.360 91.100 3.646 148.800 6.250 990 664.800 641.500 13.56
20171016-095700 12.290 91.100 3.313 142.600 5.417 990 717.600 692.500 13.56
20171016-095800 12.360 91.000 2.646 124.900 5.417 990 768.300 742.100 13.56
20171016-095900 12.390 90.000 4.042 144.100 7.500 990 759.500 733.200 13.55
20171016-100000 12.460 89.100 4.792 155.700 7.917 990 1257.000 1248.000 13.56
20171016-100100 12.560 85.200 5.896 148.900 10.420 990 829.000 800.000 13.55
20171016-100200 12.800 80.800 6.438 168.100 11.250 990 727.500 702.400 13.55
20171016-100300 12.970 77.730 7.646 165.900 10.420 990 829.000 800.000 13.55
20171016-100400 13.170 76.580 6.063 162.300 11.250 990 1257.000 1248.000 13.55
20171016-100500 13.310 74.820 5.229 161.700 9.170 990 925.000 894.000 13.55
20171016-100600 13.310 72.990 8.270 172.600 10.830 990 606.000 584.600 13.55
20171016-100700 13.370 72.080 9.020 162.300 13.750 990 553.900 534.200 13.55
20171016-100800 13.310 71.000 7.458 159.300 13.330 990 620.800 599.200 13.55
20171016-100900 13.340 70.220 8.920 160.200 13.330 990 630.000 607.800 13.55
20171016-101000 13.440 70.450 8.330 168.100 13.330 990 549.600 529.800 13.55
20171016-101100 13.410 69.680 9.520 157.200 12.920 990 561.600 541.700 13.55
20171016-101200 13.480 69.030 8.960 161.400 15.000 990 592.300 571.300 13.55
20171016-101300 13.410 68.700 8.400 166.300 12.500 990 599.200 577.500 13.55
20171016-101400 13.370 68.390 11.060 160.100 14.580 989 693.800 669.200 13.55
20171016-101500 13.440 68.800 8.130 155.300 14.580 989 827.000 799.400 13.54
20171016-101600 13.340 69.170 9.060 161.400 14.580 989 733.100 707.800 13.54
20171016-101700 13.310 69.340 8.350 159.400 10.830 989 614.000 592.500 13.54
20171016-101800 13.270 69.710 7.521 160.400 9.580 989 566.000 546.600 13.54
20171016-101900 13.310 69.540 8.230 159.400 10.830 989 590.700 569.400 13.54
20171016-102000 13.240 70.450 7.396 158.500 10.830 989 733.100 707.800 13.54
20171016-102100 13.170 71.840 6.583 160.800 10.000 989 1028.000 993.000 13.54
20171016-102200 13.100 72.990 6.000 157.000 9.170 989 940.000 908.000 13.54
20171016-102300 13.040 72.820 9.540 154.500 14.170 989 1076.000 1040.000 13.54
20171016-102400 13.040 73.700 7.438 159.600 15.000 989 1257.000 1248.000 13.54
20171016-102500 13.000 73.740 8.850 164.200 13.330 989 1213.000 1171.000 13.54
20171016-102600 12.900 73.940 9.330 159.200 12.920 989 1257.000 1248.000 13.54
20171016-102700 12.900 73.900 8.650 159.200 12.920 989 1257.000 1248.000 13.54
20171016-102800 12.900 74.010 8.730 157.900 11.250 989 1257.000 1248.000 13.54
20171016-102900 12.970 74.680 7.833 156.500 12.500 989 1257.000 1248.000 13.54
20171016-103000 12.970 73.900 8.980 154.100 13.330 989 1257.000 1248.000 13.54
20171016-103100 13.000 74.240 8.000 158.700 12.500 989 1064.000 1028.000 13.54
20171016-103200 13.000 74.620 6.625 166.300 11.250 989 1014.000 979.000 13.53
20171016-103300 12.930 74.010 8.980 161.100 17.080 989 1173.000 1132.000 13.53
20171016-103400 12.870 72.480 11.330 157.300 15.830 989 1199.000 1158.000 13.53
20171016-103500 12.930 72.280 10.290 163.300 15.830 989 1257.000 1248.000 13.53
20171016-103600 13.040 72.250 8.750 151.700 14.170 989 1257.000 1248.000 13.53
20171016-103700 13.000 72.890 8.080 158.000 12.080 989 1257.000 1248.000 13.53
20171016-103800 13.040 73.630 6.729 153.900 10.000 989 1257.000 1248.000 13.53
20171016-103900 12.930 73.060 7.833 156.900 11.670 988 1233.000 1192.000 13.53
20171016-104000 12.930 73.330 7.313 157.100 10.830 989 1128.000 1089.000 13.53
20171016-104100 12.970 73.840 6.313 159.800 9.170 989 1257.000 1248.000 13.53
20171016-104200 12.930 72.750 9.290 159.900 15.420 989 1257.000 1237.000 13.53
20171016-104300 12.930 72.960 7.188 157.100 12.080 989 1257.000 1248.000 13.53
20171016-104400 12.870 72.990 8.020 158.800 13.330 988 1257.000 1248.000 13.53
20171016-104500 12.870 72.690 9.920 155.700 14.580 988 1257.000 1248.000 13.53
20171016-104600 12.930 72.750 8.230 153.200 13.330 989 1257.000 1248.000 13.53
20171016-104700 13.040 70.890 7.292 142.400 10.420 988 1257.000 1248.000 13.53
20171016-104800 12.970 70.080 7.938 164.700 12.500 988 1257.000 1248.000 13.53
20171016-104900 13.040 69.950 8.130 156.600 12.500 988 1257.000 1248.000 13.53
20171016-105000 13.100 70.250 7.188 156.900 12.500 988 1257.000 1248.000 13.53
20171016-105100 13.140 69.240 8.150 160.700 14.170 988 1257.000 1248.000 13.53
20171016-105200 13.070 69.300 9.350 156.100 12.920 988 1257.000 1248.000 13.53
20171016-105300 13.170 69.000 9.580 159.100 15.830 988 1257.000 1248.000 13.53
20171016-105400 13.070 68.430 8.400 149.200 13.330 988 1257.000 1248.000 13.52
20171016-105500 13.070 68.830 9.980 156.100 14.170 988 1257.000 1248.000 13.52
20171016-105600 13.100 68.660 9.980 154.700 14.170 988 1257.000 1248.000 13.52
20171016-105700 13.170 68.490 8.150 160.800 12.920 988 1045.000 1010.000 13.52
20171016-105800 13.070 68.390 9.440 156.400 13.750 988 867.000 837.000 13.52
20171016-105900 13.100 68.560 8.980 158.800 15.000 988 1021.000 986.000 13.52
20171016-110000 13.000 68.830 10.130 160.300 16.250 988 1065.000 1029.000 13.52
20171016-110100 12.870 69.640 7.813 160.800 11.250 988 1073.000 1037.000 13.52
20171016-110200 12.870 70.490 7.167 159.400 9.580 988 1123.000 1084.000 13.52
20171016-110300 12.700 71.330 7.479 168.300 10.420 988 1203.000 1164.000 13.52
20171016-110400 12.630 71.940 8.850 154.600 13.750 988 1235.000 1194.000 13.52
20171016-110500 12.560 72.420 9.190 155.700 12.920 987 1241.000 1198.000 13.52
20171016-110600 12.460 73.230 8.520 158.600 12.080 988 1222.000 1180.000 13.52
20171016-110700 12.460 71.910 10.080 149.200 16.670 988 999.000 965.000 13.52
20171016-110800 12.600 72.920 8.040 156.400 15.000 987 855.000 825.000 13.52
20171016-110900 12.460 73.400 9.080 160.000 13.750 988 858.000 829.000 13.52
20171016-111000 12.430 73.060 8.290 163.100 12.500 988 951.000 918.000 13.52
20171016-111100 12.490 73.400 8.350 158.200 11.250 988 1053.000 1017.000 13.52
20171016-111200 12.490 72.860 6.896 156.000 10.000 987 1257.000 1248.000 13.52
20171016-111300 12.560 73.130 7.500 151.900 10.830 987 1194.000 1153.000 13.52
20171016-111400 12.530 72.320 10.230 157.200 17.500 987 864.000 835.000 13.52
20171016-111500 12.560 72.690 8.000 160.400 11.670 987 823.000 795.300 13.52
20171016-111600 12.530 72.650 10.540 159.700 15.420 987 795.000 767.600 13.52
20171016-111700 12.560 73.430 6.125 156.400 9.580 987 808.000 780.400 13.52
20171016-111800 12.530 73.770 4.792 157.900 9.170 987 896.000 866.000 13.52
20171016-111900 12.530 73.730 7.646 162.800 13.330 987 871.000 842.000 13.52
20171016-112000 12.460 72.820 8.670 163.500 12.920 987 843.000 814.000 13.52
20171016-112100 12.460 72.280 9.080 156.900 13.750 987 841.000 812.000 13.52
20171016-112200 12.390 72.210 10.040 160.000 13.750 987 794.700 767.600 13.52
20171016-112300 12.360 72.310 9.420 151.500 14.580 987 737.900 712.500 13.52
20171016-112400 12.390 72.850 7.438 156.300 13.750 987 733.100 707.700 13.52
20171016-112500 12.390 73.700 6.875 162.800 11.670 987 768.300 741.200 13.52
20171016-112600 12.360 73.840 5.771 150.600 8.750 987 870.000 840.000 13.52
20171016-112700 12.290 73.840 7.125 148.500 10.830 987 1251.000 1208.000 13.52
20171016-112800 12.290 74.410 6.292 140.900 8.330 986 1257.000 1227.000 13.52
20171016-112900 12.220 74.580 4.188 150.400 7.083 986 962.000 929.000 13.52
20171016-113000 12.260 73.700 5.875 129.800 9.580 986 753.800 728.000 13.52
20171016-113100 12.260 72.040 6.625 140.600 9.580 986 642.800 620.200 13.53
20171016-113200 12.290 70.560 7.000 148.000 10.830 986 532.200 513.600 13.52
20171016-113300 12.330 70.150 7.271 146.900 10.420 986 462.200 445.000 13.52
20171016-113400 12.290 70.020 8.060 147.800 13.330 986 521.700 503.300 13.52
20171016-113500 12.220 71.570 6.500 159.800 12.080 986 472.700 455.100 13.52
20171016-113600 12.220 72.550 6.438 141.700 11.250 986 499.400 481.800 13.53
20171016-113700 12.090 72.480 6.458 142.900 12.080 986 465.600 449.000 13.53
20171016-113800 11.990 72.180 9.420 139.100 13.750 986 472.000 454.400 13.53
20171016-113900 11.990 72.650 5.625 148.800 9.580 986 624.200 602.200 13.53
20171016-114000 11.920 72.450 8.330 151.700 16.250 986 739.900 714.200 13.53
20171016-114100 11.890 71.840 11.350 153.100 15.830 985 734.700 709.100 13.53
20171016-114200 11.950 72.550 10.480 158.900 14.170 986 628.900 606.600 13.53
20171016-114300 11.850 73.360 6.979 154.900 10.830 986 553.900 534.200 13.53
20171016-114400 11.920 73.570 5.875 150.700 10.000 986 532.100 513.600 13.53
20171016-114500 11.820 73.670 6.625 159.300 10.000 985 544.100 525.100 13.53
20171016-114600 11.780 73.630 6.563 155.800 10.000 985 616.400 594.700 13.53
20171016-114700 11.820 74.070 7.063 146.700 9.580 985 473.700 456.100 13.53
20171016-114800 11.750 73.670 6.083 149.200 9.170 985 398.300 383.400 13.53
20171016-114900 11.780 74.140 4.250 147.100 6.667 985 337.700 324.900 13.53
20171016-115000 11.780 74.480 4.708 148.100 6.250 985 307.300 295.500 13.53
20171016-115100 11.780 74.850 6.333 130.700 10.420 985 301.900 290.000 13.53
20171016-115200 11.750 75.460 6.083 150.900 9.170 985 329.100 316.600 13.53
20171016-115300 11.750 76.240 5.125 151.200 8.330 985 358.700 344.800 13.53
20171016-115400 11.720 77.150 5.229 145.200 7.917 985 550.800 531.200 13.53
20171016-115500 11.720 78.500 5.646 139.100 8.330 985 461.500 444.600 13.53
20171016-115600 11.480 78.710 7.500 140.000 13.330 984 473.000 455.400 13.53
20171016-115700 11.310 78.610 6.563 139.500 9.170 985 482.500 464.900 13.53
20171016-115800 11.380 78.400 7.333 137.200 10.830 984 457.800 440.600 13.54
20171016-115900 11.380 79.180 4.521 111.900 6.667 984 431.100 415.500 13.54
20171016-120000 11.340 78.200 7.521 130.400 12.920 984 493.000 475.400 13.54
20171016-120100 11.310 78.030 5.604 122.200 9.580 984 501.100 483.200 13.54
20171016-120200 11.380 77.250 6.875 145.800 9.580 984 496.700 478.800 13.54
20171016-120300 11.450 77.520 4.292 151.800 7.083 984 550.300 531.200 13.54
20171016-120400 11.450 77.860 4.813 137.500 9.170 984 562.300 541.000 13.54
20171016-120500 11.410 77.760 5.771 140.400 9.580 984 489.300 471.700 13.54
20171016-120600 11.410 78.610 4.854 138.400 7.083 984 451.400 435.500 13.54
20171016-120700 11.310 79.760 4.938 155.100 7.500 984 434.600 418.600 13.55
20171016-120800 11.210 81.100 5.104 150.600 9.580 984 381.000 365.800 13.54
20171016-120900 11.110 81.800 7.708 152.700 10.830 984 361.100 347.200 13.55
20171016-121000 10.940 82.100 5.938 148.300 11.670 983 456.300 438.600 13.55
20171016-121100 10.900 81.300 6.417 126.700 10.420 983 426.700 410.800 13.55
20171016-121200 10.870 81.200 5.375 142.800 8.330 983 391.100 376.000 13.55
20171016-121300 10.840 81.500 4.000 134.600 6.250 983 307.000 294.800 13.55
20171016-121400 10.840 82.300 4.854 139.400 8.750 983 242.700 233.900 13.55
20171016-121500 10.800 82.000 6.813 133.700 12.500 983 254.900 245.400 13.55
20171016-121600 10.800 82.400 6.438 132.600 9.580 983 232.200 224.400 13.55
20171016-121700 10.740 83.100 6.083 135.500 8.750 983 328.600 315.900 13.55
20171016-121800 10.630 83.800 7.125 141.600 11.250 983 341.500 328.100 13.56
20171016-121900 10.530 84.700 5.146 144.100 12.920 982 371.600 356.800 13.56
20171016-122000 10.430 85.200 7.063 139.800 12.920 982 356.000 342.800 13.56
20171016-122100 10.470 85.500 6.750 135.800 11.670 982 349.600 335.400 13.56
20171016-122200 10.430 85.200 7.042 138.100 10.000 982 277.900 267.000 13.56
20171016-122300 10.530 84.600 6.521 146.000 10.000 982 232.500 224.400 13.56
20171016-122400 10.430 83.800 5.500 145.800 8.750 982 182.200 175.500 13.56
20171016-122500 10.600 83.800 5.042 133.100 8.750 982 177.400 170.300 13.56
20171016-122600 10.500 84.100 4.292 141.200 7.083 982 218.000 210.200 13.56
20171016-122700 10.530 84.200 3.979 145.700 6.667 982 247.400 237.800 13.56
20171016-122800 10.570 83.900 4.521 143.000 9.580 982 273.700 263.000 13.56
20171016-122900 10.630 82.900 7.479 138.600 11.670 981 307.000 294.800 13.56
20171016-123000 10.630 82.500 6.479 146.900 9.170 981 338.100 325.200 13.56
20171016-123100 10.600 82.500 6.021 141.800 9.170 981 407.700 392.200 13.56
20171016-123200 10.630 81.800 7.438 147.800 12.080 981 393.200 378.300 13.56
20171016-123300 10.670 82.100 5.958 150.900 8.750 981 399.300 384.400 13.56
20171016-123400 10.600 81.900 6.646 148.200 11.670 981 478.800 460.800 13.56
20171016-123500 10.700 81.800 8.290 141.900 15.420 981 460.800 443.900 13.57
20171016-123600 10.630 82.000 5.979 144.600 9.170 981 628.900 607.800 13.57
20171016-123700 10.630 82.700 6.646 152.600 11.250 981 715.300 690.500 13.56
20171016-123800 10.570 83.400 5.667 139.000 7.917 981 671.200 647.900 13.57
20171016-123900 10.500 84.200 3.625 131.400 6.250 980 658.300 635.400 13.57
20171016-124000 10.500 84.500 5.229 144.800 8.330 981 576.200 556.200 13.57
20171016-124100 10.400 85.200 6.063 141.000 8.330 980 481.100 463.200 13.57
20171016-124200 10.330 85.500 6.417 138.400 11.670 980 509.900 491.600 13.57
20171016-124300 10.300 85.800 7.458 140.100 11.670 980 559.100 539.700 13.57
20171016-124400 10.300 86.300 5.208 148.300 8.750 980 547.400 527.800 13.57
20171016-124500 10.230 86.300 6.688 143.700 10.000 980 538.000 519.400 13.57
20171016-124600 10.160 86.400 7.521 144.000 12.500 980 435.500 419.200 13.57
20171016-124700 10.230 86.700 7.292 147.600 12.080 980 372.600 358.000 13.57
20171016-124800 10.160 87.000 7.354 156.900 10.420 980 495.300 477.700 13.57
20171016-124900 10.190 87.400 5.104 133.100 10.000 980 517.000 498.400 13.57
20171016-125000 10.060 88.100 3.813 123.200 6.667 979 505.200 487.600 13.57
20171016-125100 9.990 88.800 5.563 122.400 8.750 979 471.700 454.100 13.57
20171016-125200 9.920 89.400 6.188 107.400 9.580 979 494.700 476.400 13.57
20171016-125300 9.860 90.000 5.083 125.100 8.750 979 483.500 465.900 13.57
20171016-125400 9.890 90.000 8.250 134.000 11.250 979 476.600 459.200 13.57
20171016-125500 9.890 90.100 6.583 109.000 11.250 978 487.600 470.000 13.57
20171016-125600 9.860 90.300 5.833 127.700 10.420 978 492.400 474.500 13.57
20171016-125700 9.860 89.400 9.750 137.100 15.000 978 466.600 448.700 13.57
20171016-125800 9.920 89.100 8.230 137.500 13.330 978 469.300 451.700 13.57
20171016-125900 9.860 89.300 6.646 135.600 10.830 978 426.700 411.100 13.58
20171016-130000 9.860 89.700 5.938 131.600 10.000 978 417.600 401.700 13.58
20171016-130100 9.820 89.700 6.958 135.500 9.580 978 387.800 372.600 13.58
20171016-130200 9.790 89.600 7.854 134.600 12.500 977 375.700 361.400 13.58
20171016-130300 9.820 89.400 7.542 131.800 15.000 977 317.100 304.600 13.58
20171016-130400 9.790 89.600 5.917 143.000 10.830 977 314.800 303.100 13.58
20171016-130500 9.820 89.600 8.100 141.000 11.670 977 343.400 330.300 13.58
20171016-130600 9.790 89.700 8.920 134.100 12.500 977 306.600 294.800 13.58
20171016-130700 9.690 90.000 8.150 140.800 13.750 977 275.800 265.000 13.58
20171016-130800 9.760 90.600 5.854 135.800 9.580 977 228.500 220.400 13.58
20171016-130900 9.660 90.800 4.979 139.400 7.917 977 233.900 226.100 13.58
20171016-131000 9.620 91.100 6.313 125.900 10.420 977 199.600 192.500 13.58
20171016-131100 9.550 91.300 4.667 130.400 8.330 977 209.900 202.100 13.58
20171016-131200 9.690 90.900 8.710 136.500 12.080 976 146.500 140.900 13.58
20171016-131300 9.590 90.500 7.375 118.800 12.080 976 151.700 145.600 13.58
20171016-131400 9.620 90.300 6.833 138.500 12.920 976 170.300 163.500 13.58
20171016-131500 9.690 90.300 5.146 143.400 8.330 976 156.200 150.000 13.58
20171016-131600 9.650 90.400 4.208 134.000 9.170 976 166.200 160.100 13.58
20171016-131700 9.690 90.400 6.104 140.500 10.420 976 157.800 152.700 13.59
20171016-131800 9.690 90.200 8.270 136.900 13.750 976 143.900 138.500 13.58
20171016-131900 9.760 90.000 8.830 139.200 14.580 976 157.700 152.700 13.58
20171016-132000 9.720 89.900 6.292 145.400 10.830 975 196.000 188.900 13.59
20171016-132100 9.790 89.700 7.750 129.000 11.250 975 202.800 195.300 13.58
20171016-132200 9.790 89.600 7.000 129.200 13.750 975 234.900 226.500 13.58
20171016-132300 9.820 89.700 5.563 132.200 7.917 975 195.300 188.200 13.58
20171016-132400 9.890 89.600 6.875 142.500 10.000 975 211.400 203.300 13.59
20171016-132500 9.860 89.400 7.208 138.600 10.830 975 234.900 226.500 13.59
20171016-132600 9.920 88.900 5.729 136.800 9.170 974 238.500 229.600 13.58
20171016-132700 10.030 88.100 9.020 136.300 14.170 974 221.200 213.300 13.59
20171016-132800 10.100 87.300 7.333 132.100 12.920 974 214.000 206.500 13.59
20171016-132900 10.200 86.900 9.380 141.400 13.750 974 261.000 250.800 13.59
20171016-133000 10.200 86.700 8.630 146.400 12.920 974 236.600 228.500 13.59
20171016-133100 10.270 86.800 6.063 127.100 9.580 974 228.500 220.500 13.59
20171016-133200 10.270 86.700 8.980 146.700 16.670 974 231.900 224.400 13.59
20171016-133300 10.330 86.800 7.583 152.900 10.830 974 234.900 226.500 13.59
20171016-133400 10.370 86.600 7.479 155.900 11.670 974 229.900 221.700 13.59
20171016-133500 10.440 86.600 8.040 149.500 10.830 973 229.900 221.700 13.59
20171016-133600 10.500 86.500 7.000 150.100 14.170 973 264.700 254.500 13.59
20171016-133700 10.540 86.300 9.150 143.500 18.330 973 294.600 283.300 13.59
20171016-133800 10.600 86.400 9.500 157.500 15.000 973 303.600 291.800 13.59
20171016-133900 10.740 86.200 8.210 148.000 13.750 973 291.800 280.500 13.59
